GPU Execution Time (seconds)
Init: 0.651
1. 0.138
2. 0.133
3. 0.132
4. 0.123
5. 0.122
6. 0.133
7. 0.133
8. 0.131
9. 0.122
10. 0.123
11. 0.130
12. 0.131
13. 0.123
14. 0.122
15. 0.132
16. 0.123
17. 0.131
18. 0.123
19. 0.131
20. 0.132
21. 0.123
22. 0.122
23. 0.132
24. 0.132
25. 0.122
26. 0.123
27. 0.131
28. 0.132
29. 0.123
30. 0.123
31. 0.124
32. 0.133
33. 0.132
34. 0.123
35. 0.124
36. 0.123
37. 0.131
38. 0.132
39. 0.123
40. 0.123
41. 0.130
42. 0.132
43. 0.123
44. 0.123
45. 0.131
46. 0.131
47. 0.124
48. 0.122
49. 0.131
50. 0.132
Average: 0.128
Range: [0.122, 0.138]

CPU Execution Time (seconds)
Init: 1.983
1. 1.386
2. 1.338
3. 1.414
4. 1.389
5. 1.374
6. 1.379
7. 1.359
8. 1.337
9. 1.358
10. 1.340
11. 1.321
12. 1.342
13. 1.329
14. 1.352
15. 1.350
16. 1.332
17. 1.295
18. 1.326
19. 1.340
20. 1.348
21. 1.385
22. 1.352
23. 1.318
24. 1.373
25. 1.350
26. 1.348
27. 1.365
28. 1.314
29. 1.322
30. 1.410
31. 1.362
32. 1.349
33. 1.339
34. 1.371
35. 1.397
36. 1.384
37. 1.345
38. 1.350
39. 1.357
40. 1.337
41. 1.347
42. 1.351
43. 1.324
44. 1.367
45. 1.354
46. 1.347
47. 1.316
48. 1.328
49. 1.310
50. 1.361
Average: 1.351
Range: [1.295, 1.414]
