GPU Execution Time (seconds)
Init: 0.174
1. 0.082
2. 0.084
3. 0.073
4. 0.083
5. 0.073
6. 0.082
7. 0.074
8. 0.082
9. 0.074
10. 0.082
11. 0.074
12. 0.082
13. 0.073
14. 0.083
15. 0.074
16. 0.082
17. 0.074
18. 0.082
19. 0.074
20. 0.082
21. 0.073
22. 0.082
23. 0.073
24. 0.083
25. 0.073
26. 0.084
27. 0.073
28. 0.083
29. 0.073
30. 0.083
31. 0.077
32. 0.082
33. 0.074
34. 0.082
35. 0.073
36. 0.083
37. 0.073
38. 0.082
39. 0.074
40. 0.082
41. 0.074
42. 0.082
43. 0.074
44. 0.082
45. 0.074
46. 0.082
47. 0.074
48. 0.082
49. 0.074
50. 0.086
Average: 0.078
Range: [0.073, 0.086]

CPU Execution Time (seconds)
Init: 0.341
1. 0.256
2. 0.239
3. 0.236
4. 0.239
5. 0.244
6. 0.244
7. 0.243
8. 0.249
9. 0.245
10. 0.245
11. 0.244
12. 0.244
13. 0.242
14. 0.239
15. 0.237
16. 0.237
17. 0.241
18. 0.238
19. 0.229
20. 0.236
21. 0.241
22. 0.239
23. 0.238
24. 0.238
25. 0.240
26. 0.240
27. 0.237
28. 0.239
29. 0.241
30. 0.234
31. 0.233
32. 0.234
33. 0.239
34. 0.270
35. 0.224
36. 0.219
37. 0.228
38. 0.229
39. 0.226
40. 0.228
41. 0.230
42. 0.227
43. 0.227
44. 0.227
45. 0.230
46. 0.229
47. 0.227
48. 0.217
49. 0.216
50. 0.216
Average: 0.236
Range: [0.216, 0.270]
