GPU Execution Time (seconds)
Init: 3.042
1. 0.555
2. 0.527
3. 0.531
4. 0.528
5. 0.528
6. 0.531
7. 0.530
8. 0.529
9. 0.528
10. 0.528
11. 0.528
12. 0.527
13. 0.530
14. 0.527
15. 0.527
16. 0.537
17. 0.529
18. 0.529
19. 0.531
20. 0.532
21. 0.530
22. 0.529
23. 0.534
24. 0.527
25. 0.529
26. 0.528
27. 0.532
28. 0.530
29. 0.530
30. 0.531
31. 0.529
32. 0.528
33. 0.645
34. 0.987
35. 0.882
36. 0.768
37. 0.770
38. 0.774
39. 0.765
40. 0.765
41. 0.768
42. 0.767
43. 0.767
44. 0.783
45. 0.776
46. 0.768
47. 0.771
48. 0.767
49. 0.776
50. 0.776
Average: 0.621
Range: [0.527, 0.987]

CPU Execution Time (seconds)
Init: 0.563
1. 0.421
2. 0.423
3. 0.436
4. 0.490
5. 0.515
6. 0.494
7. 0.477
8. 0.424
9. 0.445
10. 0.426
11. 0.488
12. 0.496
13. 0.551
14. 0.509
15. 0.511
16. 0.425
17. 0.469
18. 0.507
19. 0.495
20. 0.486
21. 0.494
22. 0.490
23. 0.445
24. 0.527
25. 0.478
26. 0.460
27. 0.490
28. 0.460
29. 0.534
30. 0.383
31. 0.489
32. 0.386
33. 0.428
34. 0.407
35. 0.340
36. 0.417
37. 0.379
38. 0.489
39. 0.398
40. 0.499
41. 0.377
42. 0.457
43. 0.466
44. 0.348
45. 0.405
46. 0.373
47. 0.494
48. 0.396
49. 0.423
50. 0.395
Average: 0.452
Range: [0.340, 0.551]
