GPU Execution Time (seconds)
Init: 1.040
1. 0.012
2. 0.010
3. 0.011
4. 0.011
5. 0.010
6. 0.011
7. 0.010
8. 0.011
9. 0.010
10. 0.035
11. 0.010
12. 0.009
13. 0.009
14. 0.009
15. 0.010
16. 0.009
17. 0.009
18. 0.025
19. 0.009
20. 0.009
21. 0.009
22. 0.009
23. 0.009
24. 0.009
25. 0.009
26. 0.009
27. 0.010
28. 0.023
29. 0.009
30. 0.011
31. 0.010
32. 0.009
33. 0.009
34. 0.009
35. 0.009
36. 0.009
37. 0.025
38. 0.010
39. 0.009
40. 0.009
41. 0.009
42. 0.009
43. 0.010
44. 0.008
45. 0.009
46. 0.009
47. 0.019
48. 0.009
49. 0.009
50. 0.008
Average: 0.011
Range: [0.008, 0.035]

CPU Execution Time (seconds)
Init: 0.964
1. 0.096
2. 0.089
3. 0.091
4. 0.089
5. 0.090
6. 0.089
7. 0.087
8. 0.090
9. 0.090
10. 0.089
11. 0.089
12. 0.090
13. 0.090
14. 0.089
15. 0.091
16. 0.091
17. 0.089
18. 0.089
19. 0.089
20. 0.090
21. 0.089
22. 0.088
23. 0.090
24. 0.090
25. 0.088
26. 0.090
27. 0.090
28. 0.089
29. 0.085
30. 0.080
31. 0.077
32. 0.079
33. 0.080
34. 0.078
35. 0.079
36. 0.079
37. 0.077
38. 0.079
39. 0.080
40. 0.077
41. 0.079
42. 0.079
43. 0.075
44. 0.077
45. 0.077
46. 0.075
47. 0.079
48. 0.077
49. 0.074
50. 0.077
Average: 0.085
Range: [0.074, 0.096]
