GPU Execution Time (seconds)
Init: 0.682
1. 0.131
2. 0.127
3. 0.127
4. 0.118
5. 0.126
6. 0.128
7. 0.127
8. 0.127
9. 0.117
10. 0.126
11. 0.127
12. 0.128
13. 0.126
14. 0.117
15. 0.126
16. 0.126
17. 0.127
18. 0.127
19. 0.118
20. 0.127
21. 0.126
22. 0.127
23. 0.127
24. 0.118
25. 0.126
26. 0.126
27. 0.127
28. 0.127
29. 0.118
30. 0.125
31. 0.126
32. 0.126
33. 0.126
34. 0.117
35. 0.127
36. 0.128
37. 0.126
38. 0.126
39. 0.118
40. 0.126
41. 0.127
42. 0.127
43. 0.128
44. 0.118
45. 0.126
46. 0.127
47. 0.127
48. 0.127
49. 0.117
50. 0.126
Average: 0.125
Range: [0.117, 0.131]

CPU Execution Time (seconds)
Init: 1.664
1. 1.281
2. 1.274
3. 1.186
4. 1.236
5. 1.227
6. 1.208
7. 1.227
8. 1.208
9. 1.185
10. 1.216
11. 1.243
12. 1.282
13. 1.185
14. 1.236
15. 1.264
16. 1.193
17. 1.241
18. 1.262
19. 1.232
20. 1.252
21. 1.239
22. 1.234
23. 1.234
24. 1.225
25. 1.242
26. 1.178
27. 1.236
28. 1.255
29. 1.213
30. 1.243
31. 1.232
32. 1.268
33. 1.215
34. 1.203
35. 1.209
36. 1.226
37. 1.228
38. 1.211
39. 1.182
40. 1.261
41. 1.218
42. 1.177
43. 1.223
44. 1.249
45. 1.217
46. 1.220
47. 1.223
48. 1.240
49. 1.192
50. 1.276
Average: 1.228
Range: [1.177, 1.282]
