GPU Execution Time (seconds)
Init: 3.284
1. 1.195
2. 1.185
3. 1.172
4. 1.191
5. 1.188
6. 1.085
7. 0.853
8. 0.847
9. 0.855
10. 0.840
11. 0.840
12. 0.858
13. 0.848
14. 0.842
15. 0.842
16. 0.857
17. 0.859
18. 0.844
19. 0.843
20. 0.839
21. 0.858
22. 0.851
23. 0.835
24. 0.837
25. 0.844
26. 0.840
27. 0.852
28. 0.839
29. 0.842
30. 0.837
31. 0.840
32. 0.857
33. 0.842
34. 0.839
35. 0.839
36. 0.835
37. 0.836
38. 0.850
39. 0.843
40. 0.837
41. 0.838
42. 0.851
43. 0.852
44. 0.834
45. 0.834
46. 0.840
47. 0.841
48. 0.840
49. 0.853
50. 0.849
Average: 0.883
Range: [0.834, 1.195]

CPU Execution Time (seconds)
Init: 1.852
1. 0.824
2. 0.929
3. 0.942
4. 0.991
5. 1.019
6. 1.039
7. 0.995
8. 0.987
9. 0.988
10. 0.975
11. 1.000
12. 1.011
13. 1.019
14. 0.929
15. 0.996
16. 1.027
17. 1.012
18. 1.032
19. 0.957
20. 0.930
21. 0.997
22. 0.940
23. 0.953
24. 0.806
25. 0.947
26. 0.966
27. 0.951
28. 0.882
29. 0.935
30. 0.953
31. 0.991
32. 0.999
33. 1.039
34. 1.012
35. 1.000
36. 0.975
37. 1.026
38. 1.044
39. 1.016
40. 0.981
41. 0.985
42. 1.007
43. 1.013
44. 0.986
45. 1.019
46. 0.970
47. 0.987
48. 0.972
49. 1.039
50. 0.998
Average: 0.980
Range: [0.806, 1.044]
