GPU Execution Time (seconds)
Init: 0.082
1. 0.007
2. 0.006
3. 0.007
4. 0.007
5. 0.007
6. 0.007
7. 0.006
8. 0.007
9. 0.007
10. 0.006
11. 0.007
12. 0.024
13. 0.007
14. 0.007
15. 0.007
16. 0.006
17. 0.007
18. 0.007
19. 0.006
20. 0.007
21. 0.007
22. 0.007
23. 0.007
24. 0.007
25. 0.020
26. 0.007
27. 0.007
28. 0.006
29. 0.007
30. 0.005
31. 0.006
32. 0.005
33. 0.006
34. 0.007
35. 0.006
36. 0.006
37. 0.007
38. 0.006
39. 0.020
40. 0.006
41. 0.006
42. 0.006
43. 0.006
44. 0.006
45. 0.006
46. 0.006
47. 0.006
48. 0.005
49. 0.007
50. 0.005
Average: 0.007
Range: [0.005, 0.024]

CPU Execution Time (seconds)
Init: 0.143
1. 0.077
2. 0.076
3. 0.072
4. 0.064
5. 0.070
6. 0.070
7. 0.065
8. 0.070
9. 0.069
10. 0.065
11. 0.070
12. 0.070
13. 0.065
14. 0.072
15. 0.072
16. 0.065
17. 0.072
18. 0.070
19. 0.065
20. 0.069
21. 0.071
22. 0.065
23. 0.075
24. 0.071
25. 0.066
26. 0.071
27. 0.070
28. 0.064
29. 0.074
30. 0.093
31. 0.092
32. 0.093
33. 0.097
34. 0.075
35. 0.098
36. 0.110
37. 0.093
38. 0.145
39. 0.131
40. 0.082
41. 0.078
42. 0.073
43. 0.065
44. 0.072
45. 0.069
46. 0.065
47. 0.070
48. 0.070
49. 0.064
50. 0.087
Average: 0.077
Range: [0.064, 0.145]
